1111 13 6 1
1111 11 6 1
1111 11 4 1
1111 11 6 2
490471 554288 324167 83723
586122 298167 134597 38110
724783 891397 682056 189473
160090 873694 816606 147994
531928 670489 273790 81721
756106 337777 170641 715
818995 905210 830662 51291
46102 889341 489816 129260
701738 386990 299484 52314
733355 891860 880834 94093
187098 642935 626852 140561
911281 819300 523591 86422
776852 914922 552896 17398
693938 967997 566753 48176
533616 528235 268163 64213
946305 243695 185788 14797
444752 39244 37877 8427
579273 153523 112343 15407
4307 760135 454005 94886
413861 948376 702948 169020
477562 620455 176322 12991
711160 384003 309210 25862
470398 54380 26541 5795
766653 672726 599315 63925
235629 972444 513732 79529
595114 563647 431980 118200
130182 712255 363284 27510
195227 970580 529584 4783
859314 716972 430917 77857
809214 313477 91036 28849
413924 955028 847823 85113
592986 850549 313072 74369
559073 848108 738738 93979
3906 849385 653678 182264
155168 549366 286235 81823
653526 671510 264416 51762
334200 486343 432826 2979
415088 989132 129363 14429
153198 983524 953918 136927
410897 905557 115044 18094
838095 839627 483301 48369
585373 879606 665149 132698
417666 861325 412160 47753
217728 649406 542630 137396
254289 683899 572628 108896
87287 829802 725502 62625
985906 684125 527000 129954
855155 670530 309941 91501
446387 880437 475591 141083
92666 911394 436495 21853
193509 681882 444512 69806
124052 722892 559772 71434
493858 658964 272706 77248
238361 976450 621068 62914
167836 901801 587327 112619
751942 373014 207721 7477
27959 807682 630381 49400
185738 598763 188407 12218
32880 852728 449282 93018
159374 418097 138209 13378
835970 989021 509570 133744
703371 982066 378780 83332
124670 945062 341226 110206
472806 898866 515839 70223
519707 823158 549368 164427
776461 795136 671620 97156
704352 881355 539095 19036
762724 718195 711022 99889
48566 475116 126752 37957
894658 860723 835234 119703
435136 510716 219253 32376
150922 894989 688638 135887
684657 710855 590878 103365
707647 720328 674175 127071
179588 731743 435721 47184
33662 563939 310896 61060
605045 698155 276025 83507
386008 658181 657025 24486
256295 822123 35995 1596
111599 484033 279332 31431
667475 930151 526985 26967
958367 714977 515203 162919
314832 513131 277140 71683
835512 724829 490485 49511
604330 906557 204784 32512
661453 798785 673994 73084
105617 750623 160944 41363
339079 965313 938895 275438
318918 729343 716712 173534
902706 751880 732975 217448
363972 786018 592156 104838
129058 337584 123030 30844
781801 889421 855282 10994
597172 923243 510430 31431
358944 923889 438233 57010
121020 759885 86670 741
786132 597827 202918 10643
18574 403730 396170 67107
703177 913630 180379 5055
971715 415808 298058 33631
861637 839416 553820 58560
373323 969859 878410 65996
414133 724383 643675 13699
549437 998986 654807 879
916156 852254 600537 90938
553896 651437 51850 13571
255016 895136 872385 264241
259459 803225 692814 191275
361898 944377 645822 33819
978381 655192 534117 44032
448789 538949 525340 69511
44777 789467 418682 15038
82683 974828 694089 61568
641228 378301 318396 7515
165413 230189 114774 27304
622305 902312 851633 264637
305472 934741 108792 8923
303269 976915 286572 63454
48678 764637 226973 12345
442104 739610 442519 68478
886431 644307 121817 3710
790198 761547 313938 85789
607170 845717 712571 45
687005 997998 836069 28064
249630 963440 811981 63512
862280 793650 398779 128449
401633 698906 517247 102409
309204 961253 477422 144378
541488 800207 772037 170182
197237 401520 150385 44347
598460 712226 429312 2291
660451 983985 699348 4439
252779 833823 680215 106291
359355 534805 305845 68739
105612 841032 538377 163743
783166 907096 657724 151149
23768 851864 782335 188450
364696 785012 611026 145766
359435 907734 700451 125773
851933 667633 561841 147362
917869 884281 749721 245587
840261 944495 123549 30449
624837 912387 847789 114824
82315 983218 494309 119644
160158 966328 277818 27718
306167 754598 577644 171133
198862 922069 205089 21254
117125 866235 496851 62755
798786 699446 628509 52393
706551 940325 707358 219901
900858 574477 403791 107443
880873 702639 535002 64907
334477 954468 242442 14411
702732 856524 758097 219055
725828 695449 653376 55309
627387 764636 741936 180006
855005 740606 518968 143489
634001 686501 682015 166255
647707 746219 656922 89868
14280 989208 971630 119249
169219 968941 852847 130550
602317 493419 428431 64666
761259 708152 218448 64158
137648 857664 624585 13882
911511 656275 443670 78564
94361 560565 250026 22077
401650 662704 662049 66719
534831 939739 920365 116926
115203 775282 647338 54972
560248 270650 136266 16814
845557 721899 281297 3326
535246 948791 697891 158219
415684 437889 356973 105258
894204 718078 516240 135005
911082 578182 474626 77433
345073 650837 218628 11422
501502 327548 283108 75399
665831 675398 303952 2586
525167 698620 355359 41955
668852 521761 180940 24314
537100 876665 660596 85877
85546 999056 822440 50594
325899 883701 642191 46565
59808 376864 337724 104571
63556 971741 553699 77886
322569 967907 539965 56606
643548 712514 583845 7710
825800 680178 434748 24074
550644 956876 190888 30424
764508 881046 421929 15498
677993 857628 689645 164658
534286 946266 669242 85507
344759 658215 450337 110431
729810 922299 762483 130678
648494 957387 671941 112747
682252 460986 453660 89850
744881 914586 523423 19807
223291 486081 89899 19064
68055 984582 753652 130881
888682 924995 436603 46263
667380 849786 427580 123416
510292 879538 500410 85915
109069 969743 945570 136873
379024 725306 424621 116924
569411 896926 285092 16263
107593 855823 656702 183036
381776 629193 538336 163723
839070 868037 650689 119534
506983 886520 711488 152399
734350 359789 137117 5355
724196 911310 794680 179866
593416 730554 560308 167807
848804 908771 861245 134000
826664 967258 670612 161833
636934 551148 440675 14308
819557 785994 206845 5214
513726 798959 274804 68960
973193 771602 652133 73883
355016 822171 275213 46496
403414 805893 385153 94126
90617 242506 240951 8045
350583 908889 473792 55679
368242 845269 807135 5129
869640 929958 712225 86865
161325 301220 94461 26685
41529 465280 361512 37514
271505 890373 505944 20140
73991 962019 758065 66530
315741 714710 443489 61968
769072 418464 274153 52829
906668 983268 226704 47999
467373 806702 573432 7677
934986 818195 137327 23344
748883 291438 153112 25404
421801 989508 355054 90326
973511 858521 274470 57547
585864 972532 791279 179418
979537 889298 828301 65505
716824 973762 579413 85063
394274 921377 691247 88332
366217 979292 652247 107838
92495 809574 445828 30450
195741 706094 148613 22704
340625 605825 522465 121986
63165 858248 734103 75096
302272 865309 629954 150339
196598 787024 533818 171757
180428 862961 585335 147665
821025 954587 886792 272000
701717 956944 468308 102132
213413 948470 795823 250597
105739 827093 490290 42163
646602 854631 614479 106819
893223 830140 798592 185979
532372 957246 692706 172235
487520 925291 561529 20734
129474 993809 346179 85190
552442 419662 348643 49421
464748 851118 608366 169870
180943 747839 293670 53298
217007 990320 203496 44440
366562 737315 491604 129628
103426 706828 473853 31072
415618 509750 348493 115696
468023 977796 676552 175351
368663 476934 445194 41455
116959 960638 396490 12105
597257 596133 117838 35844
615687 921199 364035 1994
75818 988364 942045 81158
602391 255942 130880 3096
362476 411634 62921 8663
529047 787138 642853 119350
159160 646243 418038 31015
902845 911726 660242 201376
31527 820176 614898 120711
435451 987041 631307 78124
133801 694123 259009 40980
131715 936739 526342 143452
918501 488450 251052 19279
554264 929494 603196 169777
109907 579435 514397 121061
11517 811343 701052 98365
743021 543829 533881 46033
542609 781589 349576 21500
447118 709245 650749 51764
233412 640261 539491 123868
186928 789369 737531 150011
408248 738561 531211 72637
35106 622358 169297 26670
218950 498479 356914 678
657780 937416 874539 163610
644507 787485 677125 37983
205594 947845 900631 296564
258389 826205 761351 40834
354763 533907 139853 16292
494637 687900 353225 16732
955639 883023 719916 19165
730495 958971 909678 203199
525040 834601 741104 131569
354010 581575 210328 24165
480613 557578 421459 136140
422097 751587 292734 57025
405252 862340 502253 114960
326518 917818 651198 71343
64008 908445 890798 152976
80294 151460 97207 17345
360792 760917 667636 61411
718331 810319 764303 94841
456397 789146 553106 142895
493356 510298 314109 19165
936892 701159 642296 47746
986108 904541 555811 94558
779034 995297 489119 159558
763269 458848 431881 40338
105020 924245 250780 5552
356614 330775 192641 25925
715137 458360 391408 42693
85149 719261 672450 170619
859728 898396 590385 132460
686371 780623 598783 60613
596691 633799 261825 16962
293835 902727 419566 81596
722618 717578 578686 163128
969073 968627 646955 53674
44882 237651 148997 46626
510163 433817 240222 74456
542256 876973 758326 39
325178 828279 497062 41553
701681 944039 757461 160532
694705 662181 585574 69040
281180 545234 537308 86269
104881 749241 267928 82380
716130 773527 472227 142773
371881 564787 519012 123995
799912 890100 590514 50687
100342 855069 546772 23928
363345 697267 526637 19352
273071 887576 322961 21515
461128 704097 328687 26372
189697 461396 337128 3862
696963 484598 336862 98687
666330 948789 600684 3695
307943 655109 586937 75024
630669 578312 255307 75266
907256 716035 377755 105518
643483 744036 661642 50861
561336 925745 554074 66288
256208 952886 831003 229995
902417 656718 365335 3585
431373 912069 527309 19296
977532 680008 674659 181370
283387 931160 883105 255278
607976 786228 683929 82136
688660 511337 443040 106474
183217 995800 620514 91235
396591 708288 657439 142541
766617 373607 315704 30897
119500 802105 572188 50074
379027 643339 293260 73485
875935 589650 329982 81216
103607 936576 756360 120037
984788 728178 380784 85530
242065 686367 680354 204296
260623 527843 471751 54229
146408 712940 565465 178925
169712 850475 816965 125246
836134 933010 398732 105769
389403 768468 248078 17258
289850 927010 853678 123561
66806 547059 82399 20852
98065 353773 184515 50821
56503 755697 397579 22794
933063 811039 802883 52687
963695 879944 703251 78481
625770 496568 114106 4075
779805 997870 834128 60200
784060 793681 687953 111894
525713 423578 335809 101706
205057 832982 779068 45439
520689 870514 384546 74825
872478 345007 75742 6963
528044 741830 77403 19253
948398 380560 325014 58740
248743 551022 371786 94392
743637 458614 282965 3948
99853 451454 394786 34609
638265 951262 375566 93297
599874 955487 817222 196338
913657 540189 216644 34274
819727 741858 710215 33516
953195 795123 589555 157484
799615 911311 689861 37994
551276 440198 133638 13107
462606 622556 239213 31430
686055 686915 566348 109862
186398 977140 935921 191936
256807 875664 378631 21950
934486 869707 677325 161806
12798 632848 623577 54456
244615 518143 496003 118736
536333 794723 355700 83815
889521 733606 454403 90171
983879 786735 764569 170042
497483 360019 140771 25103
152038 964428 314865 95894
261078 925446 856148 186103
54242 895106 814243 107046
869374 897445 338287 90740
996018 919985 916479 18132
482493 731980 458453 75575
643241 921173 653113 395
103496 954028 701150 171932
226579 688775 213639 14823
994970 789294 437448 24607
422136 480712 391673 45196
204056 968954 766553 115355
26926 761509 313873 87832
610252 747435 666337 53123
189162 760710 528671 53188
860724 986365 159481 47339
10503 966875 501383 16866
806305 491676 436364 132358
62408 975039 808910 153737
886298 990354 686478 130769
520686 771399 752484 237398
122396 776389 584872 190606
558 893309 662467 23398
174321 288636 203254 4560
221544 904938 899198 289581
808755 627309 321997 31792
509792 675517 153343 8818
466105 382346 297771 37053
39653 983802 311830 48567
278170 399958 339646 95143
52450 653012 417909 128289
206701 913011 379274 95121
39206 626768 333427 52233
860292 721872 371707 18657
828371 729227 577228 38287
131157 757294 481758 116140
526067 958834 799731 149405
178065 898402 369905 24801
47526 889033 655356 32006
613407 847269 840045 47605
742408 934540 543880 167828
939048 900415 804105 79676
325412 876401 565914 26991
609866 986310 388447 109022
119622 879943 842545 60858
981107 926355 660162 210363
878194 935483 203411 30672
207424 965720 883607 244631
270570 925037 134847 2814
581468 585708 149055 3918
884517 725611 716946 98277
316352 297587 118195 30943
104626 829398 760217 163417
488394 829076 136391 22315
988621 541955 484595 47168
630956 707792 279974 58957
581369 583915 285624 94280
844867 821908 434535 91102
9916 574468 164517 36452
45310 164224 29792 8589
530648 853232 816213 132575
447575 981739 943432 75521
389188 981117 180983 365
764057 950445 581554 38963
687938 919389 725447 203184
526223 790320 753081 113706
881822 867133 737688 195507
40839 833671 624587 147568
148023 656459 577532 101015
498746 690254 168400 5480
93662 145214 141871 8108
197800 811560 751593 219585
711664 152122 124170 35257
881357 939829 801186 10239
439676 988001 662505 115476
844931 767834 577013 186204
10421 967934 792065 147492
130126 951452 884844 145941
243363 733207 45061 9266
691502 862497 312541 25147
197280 659469 644585 143648
241829 934149 679724 16925
891666 843155 642884 78520
800127 527012 372588 56349
778894 671634 500324 84517
914822 494314 484943 137934
122405 928918 178939 10806
7395 423462 368513 40870
371401 731064 324829 8519
857431 885527 642225 105681
710336 900181 409425 59818
670380 860570 175579 31734
203507 926405 845637 236017
678483 511990 381825 72489
774342 944684 942311 262796
177191 632694 385932 48579
986922 824065 665660 40121
431068 678085 214497 23226
955717 584421 126853 17385
990830 985503 789767 122662
175859 523411 202867 37279
194286 989915 890647 226830
991037 650044 592905 21059
589457 486888 459269 113672
627345 944015 812482 212494
77549 777060 281867 22197
838218 345648 252279 22997
22161 744712 741796 220212
598352 658154 327703 81334
579378 642536 551494 136188
334825 773517 580720 28864
196078 706522 705345 215683
956610 439700 400407 37914
246225 811691 425475 88415
417559 649005 528720 77416
311222 857326 421195 73991
144723 387446 309996 49568
94548 776784 305435 61128
588318 929092 778895 44747
527324 733900 432006 52091
408298 875059 524261 63397
321324 999435 376836 55329
914474 781534 533715 135231
616035 898818 787333 195808
581628 800324 365967 12080
677834 796667 695111 30180
85139 645464 379536 41474
796271 540712 55424 14443
505053 201075 111645 5267
810500 820527 312509 75685
796582 439617 301910 46575
265590 698880 497267 87130
783683 972587 927012 25145
560532 949049 283989 52801
917973 985789 551373 9889
221004 793035 735759 43174
855522 603155 250651 57912
702479 682752 577890 49227
908414 396945 284237 33241
549645 541558 400681 120909
849017 984672 524507 135504
922271 838829 688443 115593
47290 513219 359322 97615
125718 745618 359746 68210
37678 928075 923301 136636
182826 976700 959433 246059
786762 918947 915165 66658
343984 928517 873599 249669
186587 780505 603160 150083
812372 855924 817493 142457
360438 868454 696021 25592
857553 876925 401580 58221
850799 574378 437911 143259
738456 974034 961362 88441
273676 625520 444669 123044
97451 903498 560549 141010
828319 958464 364076 36584
408655 728280 620237 162760
714457 787325 720548 49579
229708 914745 787578 45258
445093 644881 597451 79545
138325 918467 529031 89705
728677 909724 495453 41326
59149 936542 870223 131408
543841 555402 404734 47745
842196 682606 160401 18087
555484 652934 387319 42409
69461 689900 594696 30597
727803 811384 410801 120257
776968 941007 861767 7068
441676 431887 276693 6245
148850 557040 532633 54608
368773 520503 479337 150319
313886 354549 316957 13034
196418 375275 311150 34074
72414 752970 541827 145231
49905 779187 681091 198641
253249 781056 596951 146804
132693 853082 776692 167882
490783 683818 180876 28165
597395 972092 841092 34099
969059 930505 560385 184659
68755 453672 378194 48378
17312 998851 649546 167234
106011 970424 842825 247740
262766 761165 635398 114467
983472 982580 195250 37743
658141 555033 439935 126812
531013 968543 637747 182965
753588 891919 886650 87999
445068 708377 540812 159833
666848 904876 391513 60444
280963 762956 688688 110783
975503 678722 601753 187638
981520 842569 598388 128361
145424 986394 431897 3611
771456 435640 294368 86892
740264 570636 375169 12678
117862 745348 693529 46395
796698 709636 605752 107628
578233 919575 440027 21076
375072 748076 203088 18798
351150 815418 588303 99769
962146 748687 558577 109714
247076 649486 527872 40446
324491 791804 188544 30136
523747 513511 338419 24364
213140 858185 682454 213541
942759 852709 531506 101134
650525 736049 432962 65321
338904 886999 762067 111041
728425 795214 574933 91672
743109 907692 366879 68210
421931 987705 233247 26980
668129 830562 687666 39363
543169 886426 852473 65161
576816 935098 805963 138170
608091 865525 783466 249073
66600 999646 574692 58581
610138 646249 517624 86277
70152 861894 156336 35701
533569 350766 239539 65626
670878 800693 384251 98991
791348 879760 499720 126879
323757 783393 698003 42514
439940 797135 581870 120090
93451 875499 812740 30154
836082 937471 757715 18898
749404 994691 993444 230977
292904 982642 959991 244907
259393 222014 56639 10496
36229 516966 467268 99346
632556 961037 692235 120349
483704 948221 146616 23282
972598 709372 529376 6896
167191 954389 701580 193733
170949 542981 317321 13120
160314 949419 829177 243818
252303 719867 476984 153535
28640 426099 257075 69451
329649 984501 518986 9690
172300 251607 125673 13907
567431 409839 197269 20184
836254 454177 194681 22293
727536 574696 231605 62192
903445 621230 459810 139667
46284 695386 572442 102649
649133 964756 949375 141924
615111 876346 457732 77753
871103 841502 486170 26138
477420 620743 615737 202766
339266 841803 528736 875
578091 892714 266467 41975
308736 318255 208020 40461
105737 602910 389481 111746
390290 737277 622114 18532
370906 762801 678569 14878
180329 602946 543608 55011
444928 694809 359643 20204
386145 707843 401123 20572
940882 814232 633011 148738
998538 856170 803825 242509
875259 549038 535065 6897
422689 998335 622063 114387
660899 773531 640998 197380
871511 569865 500441 136872
36934 861288 431914 77402
524585 717207 631529 39193
410208 522196 367194 46463
175703 890473 557702 154799
767530 999081 487357 63020
906940 417591 360828 112164
688433 831519 554145 100951
977525 668621 475403 114307
27102 682104 331166 36612
923915 591148 538984 2178
131734 950567 725826 176287
867401 905836 905618 104281
292994 710672 696218 76640
239950 776497 766886 176673
449566 942373 482813 117819
521197 887525 845345 270971
399620 951261 948911 160481
337499 982719 438985 64236
463966 489404 426792 34857
579551 666823 300747 48761
674583 636512 356946 112005
368174 588368 513776 89137
74878 877677 717418 126634
123845 455075 442132 91381
222879 815999 683530 75808
292469 890168 227612 54686
770052 851122 492977 70379
12211 787415 246268 61032
677246 898209 795975 46420
988232 752067 716004 92981
571610 390686 349002 108326
68649 502902 415371 120781
729192 614907 129953 4483
146805 946224 182135 4524
171924 326239 292457 67016
884366 821935 531788 98707
412070 774321 763007 245993
155851 892358 576821 57800
220310 353195 106146 34761
455319 925199 457633 136622
496677 536904 243137 7243
479337 585113 267844 40643
360520 796131 499481 113796
517979 887023 496526 69147
712353 505427 381463 122820
976583 944015 811725 138711
717006 925391 625503 62142
956606 588668 226724 63907
826988 917543 869083 138351
798731 896803 506883 126115
386686 849629 418169 17872
708001 613354 557186 123131
719966 452943 129304 19355
93214 795183 447720 54541
417074 959565 720274 128232
45268 580270 502189 76182
97224 582497 498354 61706
541054 601093 378720 122949
504543 721919 618880 122501
190935 637269 389236 48217
817346 161812 145176 11872
278907 325398 291542 92761
123316 864473 688284 1628
732719 848311 705142 48921
403918 762291 685741 22445
521050 784831 366434 112238
40813 882536 546209 18292
469196 302402 202080 8495
731869 802756 587923 171943
950159 697816 627558 137650
387188 644165 196594 54601
902318 786768 589141 94817
862066 698655 628685 132019
749050 808381 787445 212825
780758 701205 700010 84483
237093 648664 579447 103434
798225 995563 425012 78698
752938 830956 396979 81607
547645 745073 632933 176523
436594 537142 455499 74118
642344 563918 435350 14867
179547 759121 284369 56538
403909 329753 27395 8058
921474 568232 233828 39051
506414 909862 230908 17633
454122 659598 546851 72833
314349 947191 383395 27323
324229 839837 461642 142085
157911 370039 307732 67719
55579 638714 515958 159308
502783 808565 691167 10658
645307 139080 93696 10436
193263 974074 838785 15883
634116 977495 600893 188857
613179 841795 622511 196995
153872 640161 489386 72959
494130 857429 529474 138368
848782 759967 714615 111016
587734 888637 452256 8908
494057 673795 595941 155211
186831 717041 507653 76698
289853 648363 416139 138677
316536 468110 53149 17004
907674 778856 568503 44809
625317 607010 69557 10906
456412 886973 575210 162989
510172 582539 538207 144667
391207 670614 449677 113969
996544 841733 663517 20455
844755 935367 292843 68606
692368 924522 237224 24187
686894 747258 285342 39115
161706 490681 128880 27636
999256 517328 493171 4724
974876 978668 819995 15405
972079 966481 863394 240459
436255 881732 489739 4768
241788 841648 687522 87972
757955 901309 737754 205176
960623 597798 160020 15714
900880 658795 359250 44891
881933 873893 650386 178046
317737 705797 631078 61691
749685 774502 663830 51352
317039 969114 467746 132940
382195 617975 440042 73106
243688 995239 976497 39244
27584 644948 612323 15560
334816 933090 859604 265597
864516 509533 440115 59210
625699 443180 408363 87819
263862 910694 519435 159977
674916 521917 319737 22493
820603 625101 411432 39369
850246 825126 530979 136623
665813 843106 742926 175537
353078 733803 690653 57750
406153 972900 782466 230868
308705 789233 344427 63192
521706 567495 338884 92847
518112 503635 484969 125655
362180 987951 789299 116501
84665 864818 722647 79938
671343 990953 742001 31035
657944 236650 211256 62200
134200 982354 896354 139005
654993 770201 581546 153922
763146 863436 572442 83684
785449 528049 456284 96097
922006 460026 165103 1540
295201 956358 894347 214059
831662 576980 314074 62542
724789 963436 241436 10901
316094 918427 381941 88768
189309 652154 294593 34951
969391 247245 124468 20117
351312 880267 338837 7081
967924 934510 522674 100365
580028 910462 759883 19528
215333 658156 590113 154908
459850 651988 456690 33447
603421 928200 842238 136067
910364 899018 315645 24271
278265 526514 496786 56082
987764 872680 660812 110565
271747 820872 636196 114586
13611 585509 574256 144368
564874 839886 401473 56764
356389 793113 705344 65666
530000 851182 633609 186084
344591 904522 672901 214664
863062 986663 766389 210798
50637 663951 313476 90041
994755 654519 573908 88647
386605 302337 130962 41178
783177 293728 146690 22086
312966 957095 645966 104182
579813 742026 533268 9979
779431 720033 572058 108065
808343 797067 602586 197239
34114 728582 630352 118431
537921 708752 693645 175998
66853 846379 439636 135155
832121 877924 351768 83040
191636 618680 503928 56204
44090 905458 513766 1694
507356 746933 699455 212047
237671 721449 443298 29310
191201 805466 411157 29027
639511 874968 592402 192721
736721 588140 501478 160412
646209 733093 392761 23075
949814 951593 511092 167407
656817 352894 241645 5256
677648 389117 257548 7288
617590 914552 162043 41077
278100 910107 531836 125116
114603 768384 453303 146185
176383 600342 373469 119844
964618 361976 143141 9646
902036 568738 460057 133645
863000 669237 554415 15119
135171 763983 402342 48833
529230 634505 587091 22679
692117 671777 324152 39356
810590 249895 117678 13693
777196 613765 336865 18871
718840 727070 679909 25337
700420 498817 59016 10374
315757 537296 377813 98624
440946 737333 622699 62907
631778 778333 409728 47332
689798 834574 253467 60833
630277 957967 813246 8172
925810 892114 722401 240213
730765 833124 763394 96892
7389 789600 730983 50395
176153 800607 385948 2017
575716 997188 712953 5201
595065 727593 348336 70031
621607 962346 625123 132691
715974 932013 805245 74775
482206 889120 485795 128448
996711 992706 718401 97287
340042 881200 505352 167821
278352 619989 529009 102046
558801 956618 575189 97813
860301 798627 359672 112755
261477 719196 371818 101569
544541 724528 681699 125861
915103 664584 548420 99739
273233 839114 824937 152965
789821 429840 311157 53950
979707 428798 366362 66204
783565 605845 227422 39769
294312 971653 708803 222897
610560 591200 403037 39918
506569 524964 474557 153055
665917 451478 377901 112668
558358 753385 342903 41110
229266 828406 318681 23398
816729 963391 657880 63619
343529 996621 469485 42405
488011 783847 612203 53628
714723 857381 658892 26174
408713 892199 648300 93576
549544 226335 135987 34458
657346 309129 230879 4872
263550 612426 441711 76380
289948 791226 590132 13567
987328 687173 414948 116812
51908 836347 637711 56742
423372 958383 330804 21842
955505 890068 866191 27328
895629 917252 613035 28023
519680 519238 370564 41238
97040 863531 833352 55566
855126 467081 320779 56387
667170 527286 354320 73426
291320 911553 401328 8977
732211 979204 250719 72457
53031 888637 182719 54041
237014 916675 712021 148647
878396 751216 727420 56654
497952 723098 617108 149244
61525 687379 329933 101440
723632 827101 812810 222252
550066 698202 319018 80204
618646 733262 532278 112376
387394 920293 597966 112417
617078 566657 406930 115136
884668 971128 673963 208767
385602 664505 368412 42992
499898 689861 460386 107460
689020 889366 881664 241593
618261 857155 378438 12129
803443 776155 298952 1063
623479 296576 164513 31248
48990 852361 291313 36986
57955 895636 680315 99552
32403 544830 224168 21776
535864 694873 594029 34417
786912 553933 299474 33010
995634 840643 716201 92158
602032 738105 512332 158155
427799 983584 975737 182437
369771 729365 698809 15305
545590 999695 290147 5663
359888 960823 572300 38218
818638 871513 686185 46552
305095 390401 133937 7351
535874 800260 269962 54788
661284 779228 209621 41526
14199 735469 168041 771
28860 735842 654761 58933
154738 728610 332582 110299
224865 788892 586469 172139
714006 823413 512104 92868
599216 776379 578125 88299
294020 992612 934018 180228
970193 295121 289947 28284
693914 90390 68830 13689
923416 629724 365570 7051
897593 775145 249113 79279
50086 593399 379443 73525
615886 605405 318654 5408
914315 795634 700935 78651
839294 854144 666378 86679
378092 431855 236754 60794
316165 873846 696142 198058
27480 937936 244303 44774
322353 576641 535710 5049
812752 879087 723211 8913
447963 972706 493830 5841
710734 207779 107002 31917
641470 760137 108070 537
240853 780354 778190 87039
581198 797775 681068 108099
315550 406114 365969 96685
634740 952328 296998 4165
826184 816627 518589 41884
410463 768300 418873 7989
40975 733028 669971 90170
526433 433030 215399 60074
954470 644871 517968 161828
623616 956040 791078 160033
367458 328606 170028 8635
413375 866278 659588 179512
48712 922181 894906 290338
