42
2 1 1 2 1 1 1 1 1 2 2 2 2 2 2 2 1 2 1 2 1 1 2 1 1 2 1 1 2 2 1 2 1 2 1 2 2 2 1 2 2 1
34
2 1 2 2 2 1 2 1 1 2 2 2 2 2 2 1 1 2 1 1 1 1 1 1 1 1 1 2 1 2 1 1 1 2
94
1 2 2 1 1 1 1 1 1 2 1 1 2 1 2 2 1 1 1 2 2 2 2 2 1 1 1 2 1 2 1 2 2 1 1 1 2 2 2 2 1 1 1 2 1 2 2 2 1 2 1 1 1 2 1 1 1 2 2 2 2 2 2 2 2 2 2 2 1 2 1 1 1 1 1 2 1 1 2 1 2 1 2 1 2 1 2 2 2 1 1 2 1 1
21
1 2 1 2 1 1 2 1 2 2 1 1 1 1 2 2 1 2 1 2 2
22
1 2 2 1 2 1 2 2 1 2 2 1 1 2 1 1 1 2 2 1 2 2
94
2 2 2 1 2 1 1 1 1 1 1 1 2 2 1 2 2 1 1 1 1 1 2 1 2 1 2 2 1 1 2 1 1 1 2 1 1 1 1 2 2 2 1 1 1 2 1 1 2 2 2 2 1 1 2 2 1 1 1 2 2 2 1 2 2 2 2 1 2 1 2 1 1 2 2 1 1 2 1 2 2 1 2 1 1 2 2 1 2 2 1 2 1 1
54
2 2 2 1 2 2 2 2 1 2 2 2 2 1 1 2 1 1 2 1 1 2 1 2 1 2 2 2 2 2 1 1 1 2 2 1 2 1 1 1 2 1 1 1 2 2 2 1 2 1 1 2 1 2
54
1 1 1 2 2 1 2 1 1 1 1 2 2 1 2 1 2 2 1 1 1 1 1 1 2 2 1 2 2 1 2 2 1 2 1 1 2 1 1 2 2 1 2 2 2 2 1 2 1 2 2 2 1 2
94
2 2 1 1 1 1 1 1 2 1 2 1 1 1 2 2 2 1 1 2 2 1 1 1 2 1 2 2 1 1 1 1 2 1 1 2 2 1 1 1 2 1 1 2 1 1 1 2 1 2 1 2 2 1 1 2 1 1 2 2 2 1 2 2 2 1 2 1 1 1 2 1 2 2 2 2 1 1 1 1 1 1 2 2 2 2 2 1 1 1 1 2 1 2
63
2 1 2 1 1 2 2 2 1 1 2 2 1 2 1 2 1 2 2 2 1 1 1 2 1 2 1 2 1 2 1 1 1 2 2 1 1 1 2 1 2 2 2 2 2 1 1 2 1 2 1 2 2 2 2 2 2 2 1 1 2 2 1
85
1 1 1 2 2 1 2 2 2 2 2 2 1 2 1 2 1 1 2 2 2 2 2 2 1 1 1 2 2 1 1 2 2 2 1 2 1 1 2 1 2 1 1 2 1 2 2 2 2 1 1 2 2 1 1 1 2 1 2 1 2 2 1 1 1 2 1 1 2 2 2 1 1 2 1 2 2 1 2 2 1 2 1 1 1
36
2 1 2 1 2 2 2 2 1 1 2 2 1 2 2 2 2 2 1 2 1 2 2 2 2 2 1 1 2 1 2 1 1 2 1 2
87
1 1 2 2 1 2 2 2 1 2 1 2 2 1 1 1 2 2 2 1 1 1 1 2 2 2 2 1 1 2 1 1 2 1 2 2 2 1 1 1 2 1 2 2 2 1 2 1 2 1 1 1 2 2 1 1 1 2 1 2 2 2 2 2 1 2 2 2 1 2 2 1 2 2 2 2 2 2 1 1 1 1 2 1 1 1 1
91
2 2 1 1 1 2 1 2 2 1 2 1 2 2 1 1 2 2 2 1 1 2 1 1 2 2 2 2 2 1 1 2 1 1 2 2 1 1 1 1 1 1 2 2 1 2 1 1 2 2 2 1 1 2 1 1 1 1 1 1 1 2 2 2 1 2 2 2 2 1 1 1 1 1 2 2 1 1 1 1 2 1 2 1 2 1 1 1 2 2 2
29
1 1 1 1 1 2 2 1 2 1 2 2 1 2 2 1 1 2 1 1 1 2 2 2 1 2 1 2 2
4
2 2 1 1
86
2 1 2 1 1 2 1 2 1 1 2 2 2 2 2 2 2 1 1 2 1 2 2 2 2 1 2 1 1 1 1 2 1 1 1 1 2 2 2 2 2 1 1 2 1 2 1 1 2 2 1 2 1 2 2 1 1 1 1 2 2 1 2 2 2 2 2 1 2 1 2 1 1 2 2 1 1 1 2 2 1 2 1 2 2 1
17
1 1 1 2 2 1 1 1 2 1 2 1 2 2 1 2 1
42
2 1 2 2 1 1 1 1 2 2 2 1 1 1 1 2 1 1 1 2 1 1 1 2 1 1 2 1 2 1 2 1 1 1 2 1 2 2 1 2 1 1
60
1 1 1 1 2 1 1 1 1 2 2 2 1 1 2 1 1 1 1 1 2 1 1 1 1 2 2 1 2 1 2 1 2 1 2 1 1 2 2 1 2 1 1 1 2 1 2 2 1 2 1 1 1 1 1 1 2 1 2 2
16
2 2 2 1 1 1 2 1 2 1 2 1 2 2 1 2
51
2 2 1 2 1 2 1 2 1 1 1 2 2 2 2 2 1 2 2 1 1 1 1 2 2 1 2 1 1 1 1 1 1 2 1 1 2 2 2 2 2 2 2 2 2 1 1 2 2 1 1
94
1 2 1 2 2 2 2 1 1 1 2 1 1 1 1 1 2 1 1 1 2 2 1 1 1 1 2 1 1 1 2 1 2 2 2 2 2 1 1 2 1 2 1 1 2 1 1 1 2 1 2 1 2 2 1 1 1 2 1 2 1 1 1 2 1 2 1 1 1 2 2 2 1 2 1 2 1 2 1 1 1 1 2 1 1 1 2 1 1 2 2 2 1 2
69
1 2 1 2 1 2 1 2 2 1 2 2 1 2 1 2 1 2 2 2 2 1 1 2 1 2 1 1 2 2 2 2 2 2 1 1 1 1 2 1 2 2 1 1 1 2 1 2 2 2 2 2 2 2 1 1 1 1 1 2 1 1 2 1 2 1 2 1 1
11
1 1 1 2 1 2 2 2 1 2 2
51
1 1 1 2 2 1 2 1 2 2 2 2 1 1 2 1 1 1 1 1 2 1 1 2 1 2 2 1 1 1 1 2 1 1 1 1 2 1 2 1 1 2 2 2 2 2 2 1 1 1 2
52
1 2 2 1 1 1 2 2 1 1 2 1 1 2 2 2 2 1 1 2 1 2 1 1 1 2 2 2 1 2 2 1 1 2 1 2 2 2 2 2 1 2 1 1 1 1 1 2 1 2 2 2
25
1 1 1 2 1 2 2 1 2 1 1 1 2 2 2 1 1 2 2 1 1 1 2 1 2
63
1 1 2 1 2 1 1 1 1 2 1 1 2 1 1 2 1 2 2 1 2 2 2 1 1 1 1 2 1 2 1 2 2 2 2 1 1 2 2 1 2 2 1 1 2 2 1 1 2 2 2 1 1 2 1 1 1 2 2 2 1 1 2
70
1 1 2 2 2 2 2 1 1 1 2 2 1 1 2 2 1 1 2 2 2 2 2 1 1 1 1 2 2 2 1 2 2 1 2 2 2 1 1 2 1 1 2 1 1 1 2 2 2 2 2 2 1 2 2 1 1 1 2 2 1 1 1 2 1 1 1 2 2 1
4
2 2 1 2
98
1 1 2 1 2 2 2 2 1 1 2 1 1 2 1 1 2 1 2 2 1 2 1 2 1 1 1 1 2 2 2 2 2 1 2 2 2 2 1 1 2 2 2 2 1 2 2 1 2 2 1 1 2 2 1 2 2 1 1 2 1 2 2 1 2 1 1 1 1 2 1 1 2 1 1 2 1 2 1 2 1 2 2 1 1 1 1 1 2 1 1 2 2 1 2 1 1 2
14
2 2 1 1 2 2 2 1 1 2 1 2 1 2
53
2 1 2 2 2 2 1 2 1 1 1 2 1 1 2 1 1 2 2 2 2 2 1 2 2 2 2 2 1 2 2 2 1 1 2 2 2 1 2 1 1 1 2 2 1 1 1 2 2 1 2 1 2
69
1 2 2 2 2 2 2 1 2 2 1 1 2 1 1 2 2 2 1 2 1 1 1 2 1 2 1 2 1 1 1 2 1 1 1 1 1 1 2 1 1 1 2 2 1 2 1 1 2 2 1 2 1 2 1 2 1 2 2 1 1 2 1 2 1 2 1 1 1
19
1 2 1 1 1 2 2 2 2 2 1 2 2 2 2 2 2 1 2
34
2 2 1 2 2 1 1 1 1 2 2 1 1 2 1 2 2 1 2 1 1 2 1 2 1 1 1 2 2 2 1 2 2 2
79
2 1 1 2 2 1 2 1 2 2 2 1 1 2 2 2 2 2 2 1 2 2 1 2 2 1 1 1 1 2 1 1 2 2 1 1 2 2 2 1 2 2 2 2 2 2 2 2 1 2 2 1 1 2 2 2 2 1 2 1 1 1 1 2 2 1 1 1 2 1 1 2 2 1 1 2 1 2 2
95
1 1 2 2 2 1 1 2 1 2 2 2 2 1 1 1 2 1 1 1 2 2 1 2 1 1 1 2 1 2 2 1 1 2 2 2 2 1 2 1 2 1 2 2 2 2 1 2 1 2 2 1 1 1 2 2 1 1 2 1 1 2 2 2 1 1 1 2 2 2 1 2 2 2 2 2 2 2 1 2 2 2 1 1 2 2 2 2 2 1 1 1 1 2 2
79
2 2 2 1 2 2 1 2 1 2 2 1 2 2 2 1 1 1 1 2 1 1 2 1 1 2 2 1 2 1 2 1 1 1 1 2 2 2 2 2 2 1 2 2 1 2 2 2 1 2 1 2 1 1 1 2 1 2 2 1 2 2 1 2 2 1 2 2 1 2 1 2 1 2 2 2 2 1 2
1
1
79
2 2 2 2 1 2 1 2 1 2 2 1 1 2 1 2 1 1 2 1 2 1 1 1 1 2 2 1 2 1 1 2 1 1 1 2 2 2 2 2 1 2 1 1 2 2 2 1 1 2 1 2 1 2 1 1 2 1 1 1 2 1 2 2 1 2 1 2 2 2 2 1 1 2 1 2 2 2 1
89
2 1 1 1 1 2 1 2 1 2 1 1 1 1 2 1 1 2 2 2 2 1 1 1 1 1 1 2 2 1 1 2 2 1 1 2 2 2 2 1 2 2 2 1 1 2 2 1 1 1 1 2 2 1 2 1 1 2 2 1 2 2 1 2 2 2 1 1 2 1 2 2 1 1 2 2 2 2 1 2 1 2 1 2 2 2 2 1 2
66
2 1 2 2 2 1 1 2 2 2 2 2 2 2 1 2 1 1 1 2 1 2 1 1 2 1 1 1 1 2 2 1 2 2 1 2 1 1 1 1 1 2 2 2 1 1 1 2 2 2 1 2 1 2 2 1 2 1 2 2 2 2 1 2 1 1
28
1 2 1 2 2 2 2 2 2 1 2 1 2 2 2 2 1 2 1 2 2 1 2 1 1 2 1 2
85
1 2 1 2 1 2 1 1 2 2 1 2 1 2 1 1 2 1 2 2 2 1 1 1 2 1 2 2 1 1 1 1 1 2 2 1 2 2 2 2 2 1 1 1 2 2 1 1 2 1 1 2 1 1 2 1 1 2 1 2 2 2 1 2 1 2 2 1 2 2 1 2 2 1 1 2 2 1 1 1 1 2 1 2 2
83
2 1 2 1 2 1 2 1 2 1 2 2 1 2 2 2 2 1 2 2 1 2 2 1 2 1 1 2 1 1 2 1 1 2 2 2 1 2 1 1 2 1 1 2 1 2 1 2 2 2 1 2 1 2 1 1 1 2 1 1 2 2 2 1 1 2 2 1 2 1 2 2 2 2 2 1 2 2 1 2 2 2 2
37
2 2 1 1 2 2 2 1 2 1 1 1 1 2 2 1 1 1 2 1 2 1 2 2 1 1 2 2 1 2 2 2 2 1 1 1 1
92
2 2 1 1 1 1 1 1 2 1 2 1 1 2 1 2 2 1 1 1 1 1 2 1 1 1 2 1 1 1 1 1 2 2 1 1 2 1 1 2 1 1 1 2 1 1 1 2 2 1 2 2 1 1 2 1 1 1 2 1 2 1 2 2 2 2 1 2 1 2 1 2 2 2 1 1 1 2 2 1 2 2 2 1 2 1 2 1 2 1 2 1
3
1 2 2
67
2 2 1 1 2 2 2 2 2 1 2 2 1 1 2 1 2 1 2 1 2 1 2 2 1 1 2 2 1 2 1 2 2 2 1 2 1 1 1 2 1 1 2 1 2 2 2 2 1 2 2 1 2 2 1 1 1 1 1 2 1 2 2 1 2 1 1
15
1 2 2 2 1 1 1 2 2 1 2 2 1 2 2
77
1 1 2 1 1 2 1 1 1 1 2 1 2 1 1 1 2 1 2 2 2 2 2 2 1 1 1 2 2 1 1 1 1 2 1 2 1 1 1 2 2 1 2 1 2 1 2 2 2 2 1 1 2 2 1 2 2 2 1 2 2 1 2 1 2 2 2 2 2 2 1 2 2 2 1 1 2
82
2 1 1 2 2 2 2 1 1 2 2 2 1 2 2 2 2 2 1 1 1 2 1 1 2 1 1 1 2 2 1 1 1 1 2 2 2 2 2 2 1 1 1 2 1 1 2 1 2 1 1 1 1 1 2 1 2 2 1 2 2 2 1 1 2 2 1 2 2 1 1 1 1 1 1 2 2 2 1 2 2 1
96
1 2 2 2 2 1 2 2 1 2 2 2 1 2 1 1 2 1 1 2 2 2 2 1 1 2 1 2 1 1 2 1 2 1 1 1 1 2 1 2 1 1 1 2 2 1 2 2 2 2 2 1 2 2 1 2 1 2 1 1 1 2 1 2 2 2 1 1 2 2 2 1 1 1 1 1 1 1 2 1 2 2 2 2 1 2 2 2 2 1 1 2 2 2 2 1
44
1 2 2 1 1 2 2 1 1 1 1 1 1 2 2 1 1 1 1 2 2 1 2 1 1 1 1 1 2 2 2 1 1 2 2 1 1 1 1 1 2 2 2 2
81
2 1 2 2 1 2 1 1 2 2 2 1 2 2 2 1 2 1 2 1 1 2 2 1 2 2 1 1 2 2 2 2 1 1 1 1 2 2 2 2 2 2 2 1 1 2 1 2 2 1 1 1 2 2 1 2 1 1 1 1 1 2 1 2 1 2 2 2 2 1 2 2 2 2 1 2 2 1 1 2 1
62
1 1 1 1 2 2 1 2 2 1 1 2 2 1 1 1 2 2 2 1 1 2 1 2 1 2 1 1 2 2 1 1 2 2 2 2 1 2 1 1 1 2 2 1 2 2 2 1 1 2 1 2 1 1 1 2 1 2 1 2 1 2
71
1 2 2 2 1 1 1 1 2 2 1 2 2 1 2 2 2 1 2 2 2 1 2 2 2 1 1 1 2 2 1 2 2 2 2 2 2 2 2 2 1 1 1 1 1 1 1 2 2 1 2 1 1 2 1 1 2 1 2 2 1 1 2 2 2 2 1 2 1 2 2
22
1 2 2 1 2 2 1 1 1 1 1 2 1 1 1 1 1 2 2 1 1 1
60
2 1 2 2 1 2 2 1 2 2 2 1 2 2 1 1 1 1 2 1 2 2 1 1 2 1 2 1 2 2 2 2 1 1 1 2 2 2 2 1 1 1 2 1 2 1 2 1 1 2 2 1 2 2 1 2 1 2 1 2
89
2 2 1 1 2 1 2 1 2 2 1 1 1 2 1 1 2 1 2 2 2 1 1 2 1 2 1 1 2 2 1 1 2 2 2 1 2 2 1 2 2 1 1 1 2 2 2 1 1 1 1 2 2 2 1 1 2 1 1 2 1 1 1 1 2 1 1 2 2 1 1 2 1 2 2 2 2 2 2 1 1 1 1 2 2 1 1 2 1
57
1 1 1 1 2 1 1 2 1 2 2 2 1 2 1 1 1 2 2 2 2 2 2 1 1 1 2 2 1 2 2 2 1 1 2 2 1 2 2 2 1 1 2 2 2 1 2 2 1 2 1 1 2 1 2 1 1
41
2 2 2 1 1 2 2 2 1 2 1 1 2 2 2 2 2 1 1 2 2 1 1 1 1 2 1 2 1 2 2 2 2 1 1 1 2 1 1 1 2
64
2 2 2 1 1 2 2 1 1 1 1 2 2 1 1 1 1 1 1 2 2 1 2 1 1 1 2 2 1 1 2 2 1 2 2 2 1 2 2 1 1 2 2 1 1 2 1 2 1 1 1 1 2 1 2 1 2 2 2 2 1 2 1 1
66
2 1 2 1 2 2 1 2 2 1 2 2 1 1 2 2 1 1 1 2 1 2 1 1 1 2 1 2 2 2 1 2 2 1 1 2 2 1 1 1 2 1 2 2 1 1 1 1 1 2 1 1 1 1 2 1 2 1 1 1 2 1 2 1 2 1
89
1 2 1 2 1 2 1 2 2 1 1 1 1 2 1 2 2 1 1 1 1 2 1 2 1 1 1 1 2 1 1 2 2 1 1 1 2 1 1 1 1 2 1 1 2 1 2 2 2 1 1 1 2 1 2 2 1 2 2 2 2 2 2 1 2 1 2 2 1 2 1 1 2 2 1 1 1 2 1 1 2 1 2 2 2 2 2 2 1
41
1 1 2 2 2 2 2 2 2 1 1 1 1 2 2 1 2 2 1 2 2 1 2 1 2 1 2 2 1 1 2 2 2 1 1 2 2 1 1 1 1
42
1 1 1 1 2 2 2 2 1 2 1 1 1 1 1 1 2 1 1 1 1 1 2 2 1 2 2 2 2 2 2 1 2 1 2 1 1 2 2 1 1 2
47
1 2 1 2 2 1 2 1 2 1 2 1 2 1 2 1 1 2 2 2 1 1 1 1 1 1 1 1 2 1 1 2 1 2 1 1 2 1 1 1 1 1 1 1 2 1 1
17
1 2 2 1 1 1 2 2 1 1 2 2 1 1 2 1 2
84
2 1 2 1 1 2 2 2 2 2 2 2 2 1 1 2 2 2 1 2 2 2 1 1 2 2 2 1 1 2 1 1 1 2 2 2 1 1 1 1 1 2 1 2 1 1 2 1 1 1 1 1 2 1 1 1 1 1 2 2 2 2 2 2 1 1 2 2 1 2 1 2 2 2 1 2 1 1 2 2 2 2 1 1
37
1 1 2 2 2 2 2 2 1 1 2 2 2 1 2 2 1 2 2 1 1 2 1 1 1 1 2 2 1 2 1 1 2 2 1 2 2
18
2 2 2 2 2 2 1 2 2 1 1 1 1 2 1 1 1 1
77
2 2 1 2 1 2 1 1 1 2 1 1 2 2 1 1 1 2 2 2 2 1 2 1 2 1 1 1 2 1 2 2 1 1 1 1 2 1 2 2 1 2 1 2 2 2 1 1 2 1 1 1 1 1 2 1 1 1 1 1 2 1 1 1 2 2 1 2 1 1 2 2 1 1 1 1 2
88
1 2 1 2 2 1 1 1 2 2 1 2 1 1 1 2 2 2 2 1 2 2 2 2 1 1 1 2 2 2 1 2 2 1 2 2 1 2 2 2 2 2 2 2 1 1 1 2 1 2 1 1 1 1 2 1 1 2 1 1 1 1 2 1 2 2 1 2 1 1 2 1 2 1 1 1 2 1 1 2 1 1 2 2 2 2 1 2
76
1 1 1 1 2 1 2 2 1 2 1 1 1 2 1 1 1 2 2 1 1 1 1 1 1 1 1 1 2 1 2 2 2 2 1 2 2 2 2 2 2 1 2 1 2 2 1 2 2 1 1 2 2 1 2 2 2 2 2 2 1 1 1 1 1 1 2 2 1 1 1 1 1 2 2 2
72
2 2 2 2 1 1 2 2 2 2 1 2 2 2 1 1 2 2 1 2 2 1 2 2 1 2 2 2 2 1 2 2 2 2 2 1 2 1 1 2 2 1 2 2 1 2 2 1 2 2 2 2 1 2 1 2 1 2 1 1 2 2 1 1 1 2 2 1 2 2 2 1
39
2 1 2 1 2 2 2 1 1 1 1 1 2 1 1 1 2 2 1 1 1 2 1 1 1 2 1 1 1 2 1 2 1 1 1 1 1 2 2
64
2 1 2 2 1 1 1 1 1 2 2 1 2 1 1 2 2 1 1 2 1 1 2 1 1 1 2 1 1 1 2 1 1 1 1 2 1 2 2 1 1 2 2 2 2 2 1 1 2 2 2 2 1 2 1 1 2 1 1 1 1 1 2 2
89
1 1 1 1 2 2 1 1 1 1 1 2 1 1 1 2 1 1 1 1 2 1 2 1 2 2 2 1 1 2 1 2 1 2 2 2 2 2 2 1 2 1 2 2 1 1 2 1 1 2 1 2 1 2 2 1 1 1 1 2 1 2 1 1 2 2 2 2 1 1 1 2 1 2 1 1 1 1 2 1 1 1 2 2 2 1 2 2 2
80
2 1 2 2 2 1 1 2 1 1 1 1 2 2 2 2 1 1 1 1 2 1 1 1 1 1 1 2 2 1 2 1 1 1 1 2 2 1 1 2 1 2 2 1 1 2 2 1 1 1 2 1 2 2 2 2 1 2 1 1 1 2 2 2 2 1 2 2 1 2 1 1 2 1 1 1 1 1 2 2
11
1 1 1 2 1 1 1 2 2 1 2
37
2 2 2 1 1 2 1 1 2 1 1 1 1 1 1 2 2 2 1 1 2 2 1 2 1 2 2 2 1 1 1 2 1 1 1 2 2
97
1 1 2 1 1 2 2 1 1 2 2 1 1 1 1 2 2 1 1 1 2 1 1 2 2 1 2 1 1 1 2 2 1 2 2 2 1 1 2 2 2 2 1 2 1 1 2 1 2 2 2 1 1 2 1 2 1 2 2 1 2 1 2 2 2 1 2 1 1 1 2 2 2 2 2 2 1 2 2 2 1 1 1 1 1 1 1 2 2 1 2 2 2 1 2 1 2
40
1 2 1 1 1 1 2 1 2 1 1 1 1 2 1 2 1 2 2 2 2 1 2 1 1 2 1 2 1 2 1 1 2 2 1 1 1 2 2 1
86
1 2 2 2 1 2 1 2 2 1 2 2 2 1 2 2 2 1 2 2 2 2 1 1 1 2 1 2 2 1 2 2 1 1 1 1 2 1 1 1 2 2 2 1 1 1 2 1 2 1 2 1 1 2 2 2 2 2 2 1 1 1 1 2 2 2 1 1 2 1 1 1 1 2 2 1 2 2 2 1 1 1 2 1 2 1
78
2 2 2 2 2 2 2 2 2 1 2 2 1 1 2 1 1 1 1 2 2 1 2 2 2 2 2 2 2 2 2 2 2 1 2 1 2 2 2 1 2 2 1 2 2 1 1 1 2 1 2 1 1 2 1 1 2 1 1 1 1 1 1 2 2 2 1 1 2 1 1 1 1 1 1 2 1 1
12
1 1 1 1 1 1 1 1 1 2 1 2
47
2 1 2 1 1 2 1 1 1 2 2 1 1 1 2 2 1 2 1 1 1 2 2 2 2 1 1 2 1 1 1 2 2 1 1 1 1 2 2 2 2 2 1 1 1 1 2
72
1 1 2 2 2 1 2 2 1 1 1 1 1 1 1 2 2 2 2 2 2 2 1 2 2 1 1 1 1 2 1 1 1 1 1 1 1 2 2 2 2 2 2 2 2 2 1 2 1 1 1 1 2 2 2 1 2 1 2 1 1 1 2 1 2 2 2 2 2 1 2 2
13
2 2 2 1 1 1 1 2 1 2 2 2 1
42
1 2 1 1 1 2 2 1 1 1 2 2 1 2 1 1 2 2 2 2 1 2 2 2 1 1 2 1 2 2 2 1 1 1 2 2 2 1 1 1 1 1
16
1 1 1 2 1 2 1 2 2 1 2 2 2 2 1 2
69
1 1 1 2 2 2 1 2 1 2 1 1 1 1 1 2 2 1 2 2 2 1 2 1 1 2 1 1 2 2 2 2 1 1 1 1 1 2 1 1 2 1 1 1 2 2 1 2 2 2 1 2 1 2 2 1 1 1 2 1 2 2 1 2 1 1 1 2 1
14
2 2 1 1 1 1 2 1 1 1 2 1 2 1
36
2 1 1 1 2 2 2 1 2 1 1 1 2 1 1 1 1 2 1 2 2 2 1 2 2 2 1 2 2 2 1 2 1 1 1 2
36
1 2 2 1 1 1 1 1 2 2 2 2 2 1 2 1 1 1 2 2 2 2 1 1 1 2 1 2 2 2 2 2 2 1 2 2
2
2 2
89
1 2 1 1 1 2 2 1 2 2 2 1 2 2 1 2 1 2 1 2 1 2 1 1 1 1 2 2 2 2 2 1 2 1 1 1 1 1 2 1 1 1 1 1 1 2 2 2 2 2 1 2 1 1 2 1 1 1 1 1 1 2 1 2 2 2 2 2 1 1 2 2 1 2 1 1 1 2 1 2 2 2 1 1 2 1 1 1 1
7
2 2 2 1 2 2 2
4
1 1 2 2
6
1 1 1 2 2 2
4
2 1 1 2
5
1 1 1 1 2
