50
2 17
1 5
1 17
10 14
9 9
5 3
6 6
8 2
2 2
3 6
7 8
5 2
4 3
1 14
3 12
7 2
6 9
1 12
8 16
9 2
3 10
10 8
5 6
2 4
4 3
5 4
1 16
2 11
9 4
1 11
8 14
8 3
10 8
2 4
9 10
6 7
3 1
7 9
1 14
1 12
1 12
5 18
6 7
10 1
1 1
2 7
1 18
4 18
4 10
5 5
1 7
1 18
7 16
9 2
10 5
4 7
9 8
3 9
2 10
1 16
4 15
9 10
1 5
7 8
1 15
4 16
6 2
3 5
10 1
1 16
8 13
3 8
1 7
7 2
8 6
5 6
3 2
1 1
1 13
2 14
1 7
1 14
8 11
8 8
8 8
4 4
10 6
9 10
9 2
7 3
1 11
7 10
9 4
2 1
6 3
10 1
8 5
4 9
1 10
6 11
1 3
7 2
1 5
2 7
10 9
1 11
9 14
5 2
10 4
9 9
9 1
8 8
4 9
4 9
2 8
1 14
1 17
1 17
4 14
7 10
2 6
10 1
1 14
10 16
4 9
9 5
10 5
3 10
6 6
4 4
8 4
4 5
1 9
1 16
9 18
7 1
2 9
9 10
8 10
3 3
3 9
10 9
8 1
1 18
9 11
9 6
2 7
5 3
6 3
7 9
7 3
4 6
3 10
1 11
5 16
9 2
2 3
10 2
7 8
1 16
3 19
3 6
1 1
1 19
4 19
9 2
10 2
4 6
1 19
3 15
6 3
7 9
1 15
8 17
3 3
5 10
10 2
10 7
3 9
6 6
10 5
1 17
2 12
1 6
1 12
9 13
4 10
7 10
10 8
8 10
10 7
6 4
7 8
6 7
1 13
9 12
5 6
2 5
2 7
4 7
6 4
4 6
9 3
6 3
1 12
4 16
9 2
3 7
5 2
1 16
7 12
2 10
1 6
7 4
10 5
10 3
5 4
1 12
5 10
10 6
4 7
3 5
9 9
1 10
8 15
2 9
6 3
5 8
5 5
5 5
10 3
1 4
1 15
8 17
8 9
1 4
9 4
6 3
1 3
8 4
10 3
1 17
8 15
5 4
3 4
2 2
3 4
4 6
2 6
3 3
1 15
3 16
1 5
1 8
1 16
4 14
1 1
4 6
1 2
1 14
7 17
1 6
5 1
5 6
6 10
5 7
3 9
1 17
2 16
4 9
1 16
2 14
5 9
1 14
10 12
8 1
7 1
8 1
6 1
8 7
9 4
10 5
7 3
8 6
1 12
8 14
8 6
9 10
1 4
3 3
7 4
2 8
6 6
1 14
5 10
7 3
7 1
2 2
8 2
1 10
4 10
5 1
4 9
2 1
1 10
3 19
4 1
9 9
1 19
6 17
1 8
10 9
1 4
5 8
9 8
1 17
4 17
1 2
9 1
5 4
1 17
6 10
5 2
7 6
1 3
6 4
7 7
1 10
